2.218
2.239
2.239
2.517
2.559
2.559
2.559
2.559
2.581
2.602
2.645
2.666
2.666
2.687
2.687
2.709
2.815
2.879
2.879
2.943
2.943
3.029
3.05
3.05
3.114
3.157
3.157
3.178
3.178
3.263
3.37
3.37
3.37
3.391
3.391
3.434
3.605
3.903
3.925
3.925
3.967
3.989
4.01
4.01
4.01
4.031
4.053
4.074
4.095
4.095
4.095
4.117
4.117
4.287
4.309
4.309
4.458
4.671
4.671
4.693
4.714
4.735
4.757
4.778
4.778
4.778
4.799
4.821
5.119
5.119
5.162
5.354
5.354
5.397
5.397
5.397
5.418
5.439
5.439
5.461
5.461
5.482
5.482
5.525
5.525
6.079
6.079
6.079
6.101
6.101
6.122
6.122
6.143
6.143
6.165
6.165
6.186
6.207
6.207
6.229
6.421
6.421
6.741
6.741
6.911
6.933001
6.933001
7.167
7.423
7.445
7.509
7.53
7.53
7.594
7.615
7.615
7.957
7.978
7.999001
7.999001
8.021
8.127001
8.17
8.255
8.298
8.298
8.319
8.362
8.447001
8.447001
8.490001
8.490001
8.511001
8.533
8.554001
8.575001
8.575001
8.597
8.618
8.661
8.682
8.703
8.767
8.81
8.81
8.853001
8.874001
8.874001
8.895
9.045
9.087001
9.258
9.258
9.279
9.301001
9.301001
9.322001
9.343
9.365001
9.386001
9.578
9.599001
9.599001
9.685
9.685
9.706
9.727
9.749001
9.962001
9.983001
10.005
10.005
10.026
10.026
10.047
10.047
10.069
10.09
10.09
10.303
10.41
10.41
10.431
10.623
10.666
10.666
10.709
10.709
10.73
10.751
10.751
10.773
10.794
10.815
12.714
12.735
12.757
12.757
12.799
12.799
12.821
12.842
12.863
12.885
12.885
12.906
12.927
12.949
13.055
13.055
13.439
13.439
13.461
13.482
13.525
13.525
13.546
13.567
13.61
13.61
13.823
13.823
13.909
13.93
13.93
13.951
13.973
13.973
14.101
14.122
14.122
14.143
14.186
14.207
14.271
14.271
14.314
14.314
14.335
14.357
14.421
14.463
14.463
14.549
14.549
14.591
14.591
14.613
14.634
14.677
14.698
14.698
14.847
14.847
14.89
14.89
14.911
14.933
14.954
14.975
15.018
15.039
15.039
15.253
15.295
15.317
15.359
15.359
15.381
15.402
15.573
15.615
15.637
15.658
15.658
15.679
15.701
15.701
15.935
15.957
15.957
15.999
15.999
16.021
16.042
16.063
16.085
16.085
16.106
16.277
16.319
16.319
16.362
16.362
16.383
16.405
16.639
16.639
16.767
17.45
17.471
17.471
17.514
17.749
17.77
17.77
17.791
17.813
18.239
18.239
18.367
18.389
18.41
18.41
18.431
18.453
18.474
18.495
18.495
18.517
18.559
18.559
18.581
18.709
18.73
18.73
18.751
18.773
18.794
18.794
18.815
18.815
18.837
18.858
18.879
18.879
18.901
18.922
18.943
19.093
19.135
19.135
19.221
19.242
19.263
19.263
19.285
19.306
19.434
19.434
19.455
19.477
19.498
19.519
19.519
19.882
19.967
19.989
20.181
20.202
20.223
20.223
20.245
20.266
20.287
20.309
20.309
20.33
20.351
20.351
20.479
20.501
20.501
20.565
20.586
20.607
20.65
20.671
20.671
20.693
20.863
20.906
20.927
20.949
20.949
20.97
20.97
21.29
21.29
21.333
21.354
21.354
21.375
21.375
21.397
21.397
21.567
21.589
21.589
21.61
21.61
21.61
21.631
21.631
21.653
21.674
21.674
21.695
21.695
21.717
21.717
21.717
21.738
21.759
21.759
21.994
21.994
22.015
22.015
22.037
22.058
22.058
22.293
22.293
22.314
22.314
22.335
22.655
22.655
22.677
22.677
22.698
22.719
22.719
22.719
22.719
22.741
22.762
22.762
22.783
22.805
22.805
23.018
23.018
23.125
23.125
23.146
23.146
23.167
23.189
23.189
23.381
23.381
23.999
23.999
24.234
24.234
24.255
24.255
24.469
24.511
24.533
24.533
24.874
24.917
24.917
24.959
25.066
25.109
25.109
25.13
25.13
25.13
25.13
25.151
25.194
25.194
25.237
25.237
25.258
25.258
25.258
25.279
25.301
25.301
25.365
25.407
25.45
25.45
25.45
25.471
25.493
25.493
25.535
25.535
25.578
25.578
25.599
25.599
25.663
25.706
25.706
25.77
25.77
25.77
25.813
25.813
25.834
25.855
25.855
25.877
25.898
25.898
25.919
25.941
25.941
25.962
25.962
25.983
25.983
26.133
26.133
26.154
26.154
26.175
26.197
26.197
26.218
26.218
26.239
26.239
26.239
26.282
26.282
26.474
26.517
26.517
26.538
26.538
26.559
26.559
26.581
26.602
26.623
26.623
26.645
26.645
26.666
26.666
26.687
26.687
26.858
26.901
26.901
27.178
27.199
27.199
27.199
27.199
27.221
27.242
27.242
27.263
27.263
27.285
27.306
27.306
27.327
27.327
27.349
27.349
27.349
27.37
27.37
27.391
27.413
27.413
27.583
27.583
27.605
27.605
27.626
27.626
27.647
27.669
27.69
27.69
27.69
27.69
27.733
27.733
27.754
27.754
27.903
27.903
27.925
27.925
27.967
27.989
28.031
28.031
28.053
28.095
28.095
28.117
28.117
28.117
28.266
28.266
28.287
28.309
28.351
28.394
28.394
28.415
28.415
28.415
28.437
28.437
28.458
28.671
28.671
28.693
28.693
28.693
28.735
28.735
28.757
28.799
28.799
28.799
28.821
28.821
28.97
28.97
28.991
29.077
29.098
29.141
29.141
29.162
29.162
29.311
29.311
29.333
29.354
29.354
29.375
29.375
29.397
29.418
29.418
29.482
29.482
29.503
29.674
29.674
29.695
29.717
29.781
29.781
29.845
29.845
29.866
29.866
29.866
30.015
30.015
30.037
30.058
30.079
30.079
30.079
30.079
30.101
30.122
30.122
30.186
30.186
30.207
30.207
30.357
30.357
30.399
30.399
30.399
30.421
30.421
30.442
30.442
30.549
30.549
30.57
30.57
30.57
30.613
30.613
30.741
30.741
30.762
30.783
30.805
30.826
30.847
30.847
30.89
30.89
30.911
30.911
30.933
31.082
31.103
31.125
31.146
31.167
31.167
31.189
31.231
31.231
31.253
31.253
31.253
31.274
31.274
31.466
31.466
31.487
31.509
31.509
31.53
31.53
31.551
31.551
31.594
31.615
31.615
31.637
31.637
31.637
31.786
31.807
31.807
31.85
31.85
31.85
31.871
31.871
31.893
31.914
31.935
31.935
31.957
31.957
31.957
31.978
31.978
32.127
32.149
32.149
32.17
32.191
32.191
32.213
32.213
32.234
32.234
32.255
32.255
32.298
32.298
32.319
32.319
32.341
32.341
32.341
32.511
32.554
32.575
32.597
32.597
32.618
32.618
32.639
32.639
32.639
32.661
32.661
32.682
32.853
32.874
33.237
33.237
33.279
33.279
33.557
33.578
33.578
33.599
33.599
33.599
33.706
33.706
33.727
33.727
33.749
33.749
33.898
33.898
33.898
33.919
33.941
33.941
33.962
33.962
34.09
34.09
34.09
34.239
34.239
34.303
34.303
34.325
34.453
34.623
34.623
34.645
34.645
34.666
34.666
34.666
34.687
34.751
34.773
34.773
34.794
34.794
34.815
35.007
35.007
35.05
35.05
35.05
35.071
35.093
35.093
35.114
35.114
35.135
35.135
35.157
35.157
35.242
35.242
35.349
35.349
35.37
35.391
35.391
35.69
35.69
35.733
35.882
35.903
35.903
35.903
36.074
36.245
36.245
36.351
36.351
36.373
36.394
36.394
36.437
36.437
36.458
36.458
36.479
36.479
36.479
36.501
36.522
36.543
36.543
36.565
36.671
36.693
36.693
36.714
36.735
36.757
36.778
36.778
36.799
36.821
36.821
36.842
36.863
36.885
36.906
37.077
37.077
37.247
37.269
37.439
37.439
37.461
37.482
37.525
37.546
37.567
37.589
37.61
37.61
37.781
37.781
37.802
37.823
37.845
37.866
37.887
37.887
37.909
37.93
37.93
37.951
37.973
37.994
38.186
38.207
38.207
38.229
38.25
38.25
38.271
38.293
38.314
38.335
38.335
38.826
38.847
38.869
38.89
38.89
38.911
38.933
38.933
38.954
39.018
39.039
39.039
39.253
39.295
39.317
39.381
39.402
39.551
39.573
39.573
39.594
39.615
39.637
39.658
39.679
39.679
39.722
39.722
39.743
39.743
39.765
39.765
40.277
40.319
40.341
40.341
40.362
40.383
40.426
40.426
40.447
40.469
40.618
40.618
40.639
40.639
40.661
40.703
40.725
40.725
40.789
40.81
40.81
40.81
41.002
41.023
41.023
41.045
41.066
41.13
41.13
41.151
41.322
41.322
41.343
41.365
41.407
41.429
41.493
41.493
41.514
41.663
41.663
41.706
41.727
41.834
41.855
42.069
42.069
42.111
42.111
42.154
42.175
42.218
42.218
42.389
42.389
42.41
42.41
42.431
42.431
42.453
42.474
42.495
42.538
42.538
42.581
42.709
42.73
42.73
42.879
43.093
43.093
43.114
43.135
43.157
43.178
43.178
43.199
43.221
43.221
43.242
43.263
43.285
43.434
43.455
43.455
43.477
43.498
43.498
43.519
43.562
43.562
43.583
43.626
43.775
43.797
43.818
43.839
43.839
43.882
43.882
43.903
43.946
43.967
43.989
43.989
44.501
44.501
44.522
44.543
44.586
44.607
44.607
44.65
44.65
44.671
44.693
44.885
44.906
44.906
44.949
44.991
45.013
45.034
45.055
45.055
45.205
45.226
45.29
45.29
45.333
45.333
45.375
45.397
45.546
45.567
45.589
45.589
45.61
45.631
45.631
45.674
45.695
45.738
45.887
45.909
45.93
45.93
45.951
46.079
46.079
46.101
46.25
46.25
46.271
46.293
46.293
46.314
46.314
46.357
46.357
46.378
46.378
46.399
46.399
46.421
46.421
46.442
46.442
46.463
46.463
46.591
46.591
46.613
46.613
46.634
46.634
46.655
46.677
46.677
46.698
46.698
46.719
46.719
46.719
46.741
46.762
46.762
46.783
46.783
46.805
46.805
46.933
46.933
47.167
47.167
47.295
47.295
47.317
47.317
47.317
47.423
47.423
47.551
47.551
47.658
47.658
47.701
47.701
47.722
47.722
47.829
47.871
47.914
47.914
47.935
48.042
48.17
48.17
48.511
48.81
48.81
48.917
49.087
49.109
49.429
49.919
49.919
49.919
49.919
49.941
49.983
50.005
50.005
50.026
50.069
50.133
50.538
50.559
50.559
51.007
51.05
51.05
51.05
51.071
51.093
51.135
51.135
51.157
51.157
51.178
51.199
51.199
51.221
51.242
51.242
51.263
51.285
51.306
51.327
51.327
51.349
51.37
51.37
51.391
51.391
51.413
51.434
51.455
51.477
51.477
51.498
51.519
51.519
51.541
51.562
51.583
51.605
51.626
51.626
51.647
51.669
51.69
51.69
51.711
51.733
51.754
51.775
51.775
51.797
51.903
51.925
51.946
51.967
51.967
52.074
52.095
52.117
52.117
52.138
52.159
52.159
52.181
52.181
52.202
52.202
52.223
52.245
52.266
52.266
52.287
52.287
52.309
52.33
52.33
52.351
52.373
52.373
52.394
52.415
52.437
52.458
52.714
52.735
52.757
52.778
52.799
52.799
52.821
52.821
52.863
52.863
52.885
52.906
52.906
52.927
52.927
52.949
52.97
52.97
52.991
53.013
53.013
53.034
53.311
53.354
53.354
53.503
53.503
53.567
53.61
53.61
53.61
53.674
53.674
53.738
54.442
54.549
54.613
54.762
54.783
54.847
54.89
54.89
54.89
54.911
54.933
54.954
54.975
54.975
54.997
55.039
55.082
55.125
55.167
55.21
55.21
55.253
55.295
55.317
55.402
55.445
55.487
55.487
55.551
56.17
56.17
56.298
56.298
56.319
56.319
56.341
56.341
56.362
56.383
56.383
56.405
56.426
56.447
56.469
56.49
56.49
56.49
56.511
56.533
56.554
56.554
56.575
56.597
56.618
56.639
56.639
56.639
56.661
56.682
56.703
56.703
56.725
56.767
56.789
56.81
56.81
56.831
56.853
56.853
56.874
56.895
56.917
56.938
56.959
56.959
56.981
57.13
57.173
57.194
57.215
57.237
57.237
57.258
57.279
57.279
57.301
57.322
57.343
57.365
57.386
57.386
57.407
57.429
57.45
57.45
57.791
58.047
58.09
58.09
58.623
58.623
58.645
58.666
58.666
58.687
58.709
58.73
58.73
58.751
58.773
58.773
58.794
58.815
58.837
58.837
58.943
58.943
58.965
58.986
59.007
59.007
59.029
59.029
59.05
59.05
59.05
59.093
59.114
59.114
59.157
59.157
59.306
59.37
59.37
59.37
59.37
59.391
59.391
59.434
59.434
59.498
59.498
59.519
59.519
59.519
59.605
59.605
59.626
59.626
59.647
59.647
59.669
59.711
59.711
59.733
59.754
59.775
59.797
59.797
59.818
59.839
59.839
59.861
60.053
60.074
60.117
60.138
60.138
60.159
60.181
60.181
60.202
60.309
60.309
60.33
60.33
60.351
60.394
60.437
60.437
60.458
60.522
60.543
60.586
60.586
60.714
60.735
60.821
60.821
60.885
60.906
60.906
60.927
61.034
61.077
61.077
61.098
61.141
61.141
61.162
61.247
61.247
61.269
61.439
61.525
61.546
61.61
61.61
61.653
61.674
61.738
61.781
61.802
61.845
61.866
61.866
61.887
61.909
61.93
61.93
61.951
61.973
61.994
62.143
62.165
62.165
62.186
62.229
62.25
62.25
62.271
62.293
62.293
62.314
62.335
62.421
62.421
62.442
62.442
62.463
62.485
62.527
62.549
62.549
62.57
62.591
62.591
62.613
62.655
62.698
62.698
62.869
62.89
62.89
62.933
62.954
63.018
63.061
63.125
63.146
63.146
63.167
63.189
63.21
63.21
63.21
63.253
63.274
63.295
63.317
63.317
63.338
63.402
63.402
63.445
63.551
63.573
63.573
63.637
63.658
63.679
63.679
63.722
63.722
63.722
63.743
63.871
63.871
63.893
63.893
63.914
63.957
63.978
63.978
63.999
63.999
64.021
64.042
64.063
64.063
64.063
64.106
64.255
64.277
64.40501
64.40501
64.426
64.44701
64.44701
64.469
64.575
64.575
64.597
64.618
64.618
64.661
64.661
64.68201
64.72501
64.746
64.959
64.981
64.981
65.04501
65.13
65.13
65.151
65.237
65.279
65.279
65.32201
65.343
65.36501
65.36501
65.386
65.45
65.45
65.471
65.493
65.493
65.535
65.535
65.663
65.68501
65.68501
65.706
65.77
65.77
65.834
65.834
65.87701
65.898
66.005
66.005
66.026
66.069
66.09
66.09
66.09
66.111
66.111
66.133
66.175
66.175
66.346
66.346
66.389
66.453
66.495
66.495
66.51701
66.55901
66.55901
66.55901
66.581
66.581
66.666
66.687
66.687
66.709
66.73
66.73
66.75201
66.773
66.79401
66.815
66.858
66.87901
66.87901
66.901
67.07201
67.093
67.11401
67.11401
67.135
67.15701
67.221
67.221
67.285
67.285
67.34901
67.37
67.37
67.39201
67.455
67.455
67.47701
67.498
67.541
67.605
67.605
67.647
67.69
67.69
67.71201
67.775
67.797
67.839
67.839
67.882
67.94601
67.967
68.07401
68.095
68.138
68.138
68.159
68.223
68.26601
68.30901
68.458
68.479
68.479
68.501
68.522
68.58601
68.607
68.62901
68.65
68.65
68.82101
68.842
68.86301
68.86301
68.927
68.97
68.97
69.162
69.18301
69.205
69.22601
69.247
69.247
69.269
69.29
69.29
69.312
69.333
69.50301
69.525
69.54601
69.567
69.61
69.61
69.632
69.632
69.674
69.674
69.695
69.717
69.887
69.909
69.909
69.93
69.93
69.93
70.079
70.079
70.10101
70.207
70.207
70.229
70.25
70.25
70.271
70.399
70.42101
70.42101
70.442
70.57
70.57
70.591
70.783
71.061
71.637
71.914
71.914
71.93501
72.17001
72.191
72.191
72.383
72.40501
72.426
72.44701
72.44701
72.49001
72.49001
72.703
72.831
72.853
73.00201
73.04501
73.08701
73.109
73.13
73.13
73.151
73.173
73.194
73.215
73.215
73.32201
73.343
73.36501
73.36501
73.40701
73.429
73.45
73.45
73.471
73.55701
73.72701
73.749
73.749
73.77
73.813
73.855
73.87701
73.898
73.898
73.983
74.005
74.047
74.069
74.133
74.175
74.175
74.218
74.23901
74.23901
74.41
74.41
74.43201
74.453
74.51701
74.538
74.60201
74.60201
74.687
74.70901
74.70901
74.73
74.75201
74.75201
74.773
74.79401
74.815
74.858
74.858
74.87901
74.901
74.901
74.943
75.007
75.007
75.07201
75.135
75.135
75.19901
75.19901
75.242
75.327
75.413
75.43401
75.43401
75.455
75.47701
75.605
75.62601
75.797
75.818
75.861
75.903
75.925
76.07401
76.095
76.117
76.159
76.159
76.202
76.245
76.287
76.33
76.458
76.458
76.479
76.479
76.479
76.50101
76.50101
76.522
76.565
76.565
76.58601
76.58601
76.607
76.607
76.672
76.672
76.693
76.693
76.778
76.778
76.799
76.799
76.799
76.82101
76.82101
76.842
76.86301
76.86301
76.885
76.927
76.927
76.992
77.013
77.013
77.205
77.22601
77.247
77.247
77.312
77.333
77.333
77.354
77.354
77.439
77.439
77.46101
77.46101
77.50301
77.50301
77.54601
77.54601
77.589
77.589
77.653
77.653
77.674
77.674
77.69501
77.78101
77.78101
77.909
77.93
77.93
77.93
77.951
77.951
77.994
78.01501
78.01501
78.05801
78.165
78.165
78.165
78.186
78.186
78.229
78.229
78.357
78.357
78.37801
78.399
78.399
78.399
78.42101
78.42101
78.549
78.549
78.591
78.591
78.61301
78.65501
78.677
78.677
78.69801
78.69801
78.719
78.719
78.719
78.762
78.762
78.847
78.847
78.89001
78.93301
78.93301
78.954
78.954
78.97501
79.01801
79.039
79.039
79.039
79.039
79.061
79.082
79.082
79.103
79.103
79.25301
79.25301
79.274
79.274
79.274
79.29501
79.317
79.317
79.33801
79.33801
79.359
79.359
79.359
79.381
79.402
79.402
79.423
79.44501
79.44501
79.551
79.551
79.57301
79.57301
79.61501
79.61501
79.637
79.658
79.658
79.679
79.679
79.679
79.722
79.76501
79.786
79.80701
79.80701
79.914
79.914
79.914
79.93501
79.978
79.978
80.021
80.063
80.063
80.08501
80.106
80.106
80.21301
80.21301
80.255
80.255
80.255
80.277
80.298
80.298
80.341
80.341
80.341
80.36201
80.36201
80.40501
80.40501
80.44701
80.44701
80.469
80.469
80.49001
80.49001
80.49001
80.533
80.575
80.575
80.618
80.618
80.618
80.63901
80.63901
80.68201
80.703
80.703
80.746
80.746
80.76701
80.81001
80.81001
80.81001
80.831
80.831
81.00201
81.00201
81.023
81.066
81.066
81.08701
81.13
81.13
81.13
81.151
81.173
81.173
81.32201
81.32201
81.343
81.36501
81.386
81.429
81.429
81.45
81.493
81.535
81.64201
81.663
81.68501
81.706
81.706
81.72701
81.749
81.791
81.813
81.898
82.026
82.069
82.09
82.09
82.09
82.133
82.175
82.218
82.23901
82.23901
82.23901
82.325
82.325
82.346
82.346
82.367
82.41
82.47401
82.495
82.495
82.538
82.538
82.55901
82.70901
82.75201
82.773
82.79401
82.79401
82.815
82.858
82.87901
82.87901
82.922
82.922
83.007
83.02901
83.02901
83.05
83.093
83.135
83.15701
83.178
83.221
83.242
83.263
83.327
83.37
83.37
83.37
83.43401
83.455
83.455
83.498
83.541
83.583
83.583
83.605
83.605
83.647
83.775
83.797
83.797
83.967
84.095
84.117
84.117
84.117
84.159
84.159
84.18101
84.245
84.26601
84.30901
84.394
84.415
84.437
84.437
84.479
84.522
84.522
84.565
84.58601
84.607
84.62901
84.65
84.65
84.77801
84.77801
84.82101
84.86301
84.86301
84.885
84.90601
84.927
84.94901
84.97
84.97
84.992
84.992
85.013
85.09801
85.09801
85.119
85.14101
85.14101
85.18301
85.205
85.22601
85.247
85.247
85.312
85.33301
85.33301
85.354
85.54601
85.54601
85.567
85.632
85.69501
85.845
85.845
85.866
85.887
85.951
85.97301
86.01501
86.01501
86.037
86.037
86.207
86.229
86.271
86.29301
86.29301
86.314
86.33501
86.33501
86.357
86.57001
86.57001
86.61301
86.61301
86.634
86.634
86.65501
86.65501
86.677
86.677
86.69801
86.69801
86.93301
86.93301
86.954
87.01801
87.039
87.039
87.039
87.061
87.061
87.082
87.082
87.146
87.16701
87.21001
87.21001
87.21001
87.25301
87.25301
87.274
87.274
87.317
87.317
87.33801
87.359
87.359
87.359
87.381
87.423
87.423
87.594
87.594
87.61501
87.61501
87.679
87.679
87.679
87.76501
87.76501
87.786
87.786
87.914
87.914
87.93501
87.93501
87.93501
87.957
87.957
87.999
87.999
87.999
88.04201
88.04201
88.08501
88.106
88.106
88.618
88.618
88.63901
88.661
88.661
88.76701
88.76701
88.789
88.81001
88.81001
88.81001
88.981
89.151
89.151
89.173
89.173
89.32201
89.32201
89.471
89.471
89.493
89.493
89.51401
89.51401
89.535
89.663
89.706
89.79101
89.83401
89.83401
89.855
89.941
89.96201
89.96201
89.983
90.026
90.09
90.09
90.09
90.15401
90.19701
90.325
90.325
90.367
90.367
90.367
90.38901
90.38901
90.41
90.47401
90.47401
90.495
90.495
90.55901
90.55901
90.66601
90.66601
90.687
90.687
90.687
90.70901
90.75201
90.75201
90.79401
90.815
90.83701
90.83701
90.87901
90.87901
90.87901
90.901
90.901
91.093
91.15701
91.15701
91.178
91.242
91.242
91.413
91.43401
91.43401
91.455
91.455
91.455
91.519
91.54101
91.54101
91.54101
91.562
91.562
91.58301
91.58301
91.733
91.75401
91.75401
91.775
91.775
91.839
91.839
91.882
91.882
91.90301
91.90301
91.925
91.925
92.117
92.117
92.159
92.159
92.18101
92.22301
92.22301
92.22301
92.245
92.245
92.26601
92.26601
92.287
92.45801
92.45801
92.565
92.565
92.58601
92.58601
92.65
92.65
92.735
92.735
92.757
92.77801
92.77801
92.799
92.799
92.799
92.82101
92.82101
92.842
92.842
92.885
92.885
92.90601
92.90601
92.927
92.927
92.94901
92.97
92.97
92.97
93.119
93.119
93.119
93.205
93.205
93.22601
93.22601
93.269
93.269
93.312
93.312
93.33301
93.354
93.354
93.41801
93.439
93.439
93.482
93.482
93.50301
93.50301
93.50301
93.525
93.525
93.567
93.567
93.674
93.674
93.802
93.802
93.845
93.845
93.845
93.994
93.994
94.01501
94.01501
94.165
94.165
94.207
94.207
94.229
94.25001
94.25001
94.271
94.271
94.271
94.29301
94.314
94.33501
94.357
94.52701
94.52701
94.69801
94.69801
94.89001
94.89001
94.89001
95.039
95.039
95.039
95.061
95.29501
95.29501
95.33801
95.33801
95.40201
95.423
95.423
95.48701
95.48701
95.509
95.551
95.551
95.594
95.594
95.637
95.637
95.658
95.679
95.679
95.679
95.701
95.701
95.76501
95.76501
95.93501
96.04201
96.106
96.106
96.21301
96.255
96.298
96.298
96.341
96.341
96.36201
96.59701
96.59701
96.63901
96.63901
96.661
96.661
96.68201
96.703
96.703
96.703
96.72501
96.72501
96.789
96.789
96.81001
96.81001
96.81001
96.981
97.066
97.066
97.08701
97.08701
97.27901
97.27901
97.27901
97.36501
97.36501
97.386
97.40701
97.429
97.429
97.429
97.45
97.45
97.47101
97.47101
97.68501
97.706
97.72701
97.72701
97.74901
97.74901
97.77
97.77
97.813
97.813
97.83401
97.83401
97.83401
97.96201
98.005
98.005
98.026
98.047
98.06901
98.06901
98.06901
98.09
98.09
98.11101
98.11101
98.15401
98.15401
98.175
98.175
98.19701
98.28201
98.28201
98.325
98.325
98.34601
98.34601
98.34601
98.367
98.367
98.41
98.41
98.51701
98.75201
98.75201
98.75201
98.79401
98.79401
98.858
98.858
98.901
98.98601
98.98601
99.007
99.007
99.007
99.02901
99.05
99.05
99.07201
99.07201
99.07201
99.135
99.15701
99.15701
99.22101
99.22101
99.34901
99.34901
99.54101
99.54101
99.69
99.69
99.69
99.733
99.90301
99.90301
99.925
99.925
100.095
100.095
100.245
100.586
100.586
100.607
100.799
100.799
100.821
100.821
100.821
100.842
100.906
100.927
100.927
100.949
101.077
101.077
101.077
101.098
101.119
101.119
101.162
101.162
101.162
101.183
101.183
101.247
101.247
101.29
101.29
101.29
101.312
101.312
101.482
101.546
101.546
101.589
101.589
101.632
101.653
101.653
101.674
101.781
101.802
101.845
101.845
101.845
101.866
101.93
101.93
101.93
101.994
101.994
102.143
102.165
102.165
102.186
102.186
102.186
102.207
102.207
102.229
102.25
102.25
102.293
102.293
102.293
102.314
102.506
102.506
102.506
102.57
102.57
102.634
102.655
102.655
103.231
103.231
103.338
103.359
103.359
103.381
103.381
103.381
103.402
103.402
103.445
103.487
103.487
103.573
103.573
103.658
103.658
103.722
103.722
103.765
103.765
103.829
103.829
103.871
103.871
103.893
103.914
103.914
103.935
103.935
103.978
103.978
103.978
103.999
103.999
104.021
104.021
104.063
104.063
104.149
104.17
104.17
104.17
104.255
104.255
104.405
104.447
104.447
104.554
104.554
104.554
104.618
104.767
104.767
104.789
104.789
104.789
106.346
106.346
106.367
106.495
106.517
106.517
106.538
106.581
106.645
106.645
106.709
106.709
106.73
106.73
106.752
106.752
106.752
106.773
106.794
106.794
106.837
106.858
106.858
106.879
106.879
106.879
106.922
106.922
106.943
106.965
106.965
106.986
107.029
107.029
107.029
107.05
107.05
107.114
107.114
107.114
107.135
107.135
107.178
107.263
107.306
107.327
107.327
107.349
107.349
107.37
107.37
107.37
107.392
107.455
107.455
107.562
107.562
107.647
107.669
