0.0209999999999999
0.278
0.0420000000000003
0.0219999999999998
0.0209999999999999
0.0430000000000001
0.0209999999999999
0.0209999999999999
0.0220000000000002
0.106
0.0640000000000001
0.0640000000000001
0.0859999999999999
0.0209999999999999
0.0640000000000001
0.0430000000000001
0.0209999999999999
0.085
0.107
0.0209999999999999
0.0430000000000001
0.171
0.298
0.0219999999999998
0.0420000000000003
0.0219999999999998
0.0209999999999999
0.0209999999999999
0.0220000000000002
0.0209999999999999
0.0209999999999999
0.0220000000000002
0.17
0.0220000000000002
0.149
0.213
0.0219999999999994
0.0210000000000008
0.0209999999999999
0.0219999999999994
0.0209999999999999
0.0210000000000008
0.0219999999999994
0.298
0.0430000000000001
0.192
0.0430000000000001
0.0209999999999999
0.0209999999999999
0.0220000000000002
0.0209999999999999
0.0430000000000001
0.553999999999999
0.0220000000000002
0.0209999999999999
0.0209999999999999
0.0220000000000002
0.0209999999999999
0.0209999999999999
0.0220000000000002
0.192
0.319999999999999
0.17
0.0220010000000004
0.233999
0.256
0.0220000000000002
0.0640000000000001
0.0209999999999999
0.0640000000000001
0.0209999999999999
0.342
0.0209999999999999
0.021001
0.021999000000001
0.106000999999999
0.042999
0.0850000000000009
0.0429999999999993
0.0210000000000008
0.0429999999999993
0.0850010000000001
0.0429999999999993
0.0210000000000008
0.0219989999999992
0.021001
0.0210000000000008
0.0219989999999992
0.0210000000000008
0.0429999999999993
0.0210000000000008
0.020999999999999
0.0640000000000001
0.043000000000001
0.0430010000000003
0.020999999999999
0.0209989999999998
0.15
0.0420010000000008
0.170998999999998
0.0210000000000008
0.0220009999999995
0.0210000000000008
0.0209989999999998
0.0220009999999995
0.0210000000000008
0.191998999999999
0.021001
0.085999000000001
0.020999999999999
0.0210000000000008
0.0220009999999995
0.213000000000001
0.020999999999999
0.021999000000001
0.020999999999999
0.0210000000000008
0.0220000000000002
0.020999999999999
0.213000000000001
0.106999999999999
0.020999999999999
0.192
0.043000000000001
0.0429999999999993
0.0210000000000008
0.020999999999999
0.0220000000000002
0.0210000000000008
0.020999999999999
1.899
0.020999999999999
0.0220000000000002
0.0419999999999998
0.0220000000000002
0.0210000000000008
0.020999999999999
0.0220000000000002
0.0210000000000008
0.020999999999999
0.0220000000000002
0.106
0.384
0.0220000000000002
0.020999999999999
0.043000000000001
0.020999999999999
0.0210000000000008
0.0429999999999993
0.213000000000001
0.0860000000000003
0.020999999999999
0.0210000000000008
0.0220000000000002
0.128
0.020999999999999
0.0210000000000008
0.0429999999999993
0.0210000000000008
0.0640000000000001
0.0429999999999993
0.0210000000000008
0.0219999999999985
0.0640000000000001
0.0419999999999998
0.0860000000000003
0.0419999999999998
0.0220000000000002
0.0210000000000008
0.0429999999999993
0.0210000000000008
0.148999999999999
0.043000000000001
0.020999999999999
0.0220000000000002
0.0210000000000008
0.020999999999999
0.043000000000001
0.020999999999999
0.214
0.0419999999999998
0.0220000000000002
0.0419999999999998
0.0220000000000002
0.020999999999999
0.171000000000001
0.0419999999999998
0.0220000000000002
0.020999999999999
0.0210000000000008
0.0220000000000002
0.234
0.0220000000000002
0.0419999999999998
0.0220000000000002
0.0210000000000008
0.0209999999999972
0.022000000000002
0.0210000000000008
0.170999999999999
0.041999999999998
0.0429999999999993
0.0210000000000008
0.022000000000002
0.233999999999998
0.128
0.683
0.0210000000000008
0.0429999999999993
0.234999999999999
0.0210000000000008
0.0210000000000008
0.0219999999999985
0.426000000000002
0.128
0.0219999999999985
0.0210000000000008
0.0210000000000008
0.0219999999999985
0.0210000000000008
0.0210000000000008
0.0219999999999985
0.0420000000000016
0.0219999999999985
0.128
0.0210000000000008
0.0210000000000008
0.0219999999999985
0.0210000000000008
0.0210000000000008
0.0219999999999985
0.0210000000000008
0.0210000000000008
0.0219999999999985
0.0210000000000008
0.0210000000000008
0.149999999999999
0.0420000000000016
0.0859999999999985
0.0210000000000008
0.0210000000000008
0.0219999999999985
0.0210000000000008
0.128
0.0209999999999972
0.022000000000002
0.0210000000000008
0.0209999999999972
0.363000000000003
0.0849999999999973
0.022000000000002
0.192
0.0210000000000008
0.0209999999999972
0.022000000000002
0.0209999999999972
0.0210000000000008
0.022000000000002
0.0209999999999972
0.0210000000000008
0.128
0.022000000000002
0.0640000000000001
0.0209999999999972
0.0210000000000008
0.0429999999999993
0.0210000000000008
0.022000000000002
0.169999999999998
0.0429999999999993
0.0210000000000008
0.022000000000002
0.0209999999999972
0.32
0.0429999999999993
0.0210000000000008
0.0210000000000008
0.0219999999999985
0.170000000000002
0.0219999999999985
0.0210000000000008
0.0210000000000008
0.0219999999999985
0.0210000000000008
0.0210000000000008
0.0219999999999985
0.0210000000000008
0.0210000000000008
0.234999999999999
0.0210000000000008
0.0219999999999985
0.0210000000000008
0.234999999999999
0.0210000000000008
0.0210000000000008
0.32
0.0219999999999985
0.0210000000000008
0.0210000000000008
0.0219999999999985
0.0210000000000008
0.0210000000000008
0.0219999999999985
0.213000000000001
0.106999999999999
0.0210000000000008
0.0210000000000008
0.0219999999999985
0.192
0.617999999999999
0.235000000000003
0.0209999999999972
0.214000000000002
0.041999999999998
0.022000000000002
0.340999999999998
0.0430000000000028
0.041999999999998
0.106999999999999
0.0430000000000028
0.0209999999999972
0.0210000000000008
0.0429999999999993
0.0429999999999993
0.0210000000000008
0.0210000000000008
0.0219999999999985
0.0640000000000001
0.0420000000000016
0.0429999999999993
0.0210000000000008
0.0219999999999985
0.0420000000000016
0.0429999999999993
0.0210000000000008
0.0640000000000001
0.0429999999999993
0.0640000000000001
0.0429999999999993
0.0210000000000008
0.0210000000000008
0.0219999999999985
0.0210000000000008
0.0210000000000008
0.0219999999999985
0.0210000000000008
0.0210000000000008
0.149999999999999
0.0210000000000008
0.0210000000000008
0.0219999999999985
0.0210000000000008
0.0210000000000008
0.0429999999999993
0.192
0.0429999999999993
0.0210000000000008
0.0210000000000008
0.0219999999999985
0.0210000000000008
0.0210000000000008
0.0219999999999985
0.0210000000000008
0.0210000000000008
0.170999999999999
0.0429999999999993
0.277000000000001
0.0210000000000008
0.0219999999999985
0.0210000000000008
0.0210000000000008
0.0219999999999985
0.0210000000000008
0.0210000000000008
0.0219999999999985
0.0210000000000008
0.0209999999999972
0.022000000000002
0.169999999999998
0.022000000000002
0.0210000000000008
0.0209999999999972
0.022000000000002
0.0210000000000008
0.0429999999999993
0.0210000000000008
0.148999999999997
0.022000000000002
0.041999999999998
0.022000000000002
0.041999999999998
0.022000000000002
0.041999999999998
0.022000000000002
0.148999999999997
0.0210000000000008
0.022000000000002
0.041999999999998
0.0429999999999993
0.0210000000000008
0.022000000000002
0.0209999999999972
0.213000000000001
0.022000000000002
0.041999999999998
0.022000000000002
0.041999999999998
0.022000000000002
0.148999999999997
0.0210000000000008
0.0860000000000021
0.0209999999999972
0.0429999999999993
0.0210000000000008
0.149000000000001
0.0219999999999985
0.0210000000000008
0.0210000000000008
0.0219999999999985
0.0210000000000008
0.0640000000000001
0.0210000000000008
0.170999999999999
0.0210000000000008
0.0219999999999985
0.0640000000000001
0.0640000000000001
0.0210000000000008
0.149000000000001
0.0219999999999985
0.0210000000000008
0.0210000000000008
0.0219999999999985
0.0210000000000008
0.0640000000000001
0.0210000000000008
0.149999999999999
0.0420000000000016
0.0219999999999985
0.0210000000000008
0.106999999999999
0.0210000000000008
0.0429999999999993
0.128
0.0210000000000008
0.0210000000000008
0.0219999999999985
0.0210000000000008
0.0210000000000008
0.0429999999999993
0.0210000000000008
0.0219999999999985
0.149000000000001
0.0210000000000008
0.0219999999999985
0.0210000000000008
0.0210000000000008
0.0219999999999985
0.0420000000000016
0.0219999999999985
0.0210000000000008
0.192
0.0209999999999972
0.022000000000002
0.0210000000000008
0.0209999999999972
0.0430000000000028
0.0209999999999972
0.022000000000002
0.149000000000001
0.0209999999999972
0.0430000000000028
0.0209999999999972
0.022000000000002
0.0210000000000008
0.0209999999999972
0.022000000000002
0.0210000000000008
0.149000000000001
0.0219999999999985
0.0210000000000008
0.0210000000000008
0.0219999999999985
0.0210000000000008
0.0210000000000008
0.0429999999999993
0.0210000000000008
0.0219999999999985
0.170000000000002
0.0429999999999993
0.0210000000000008
0.0219999999999985
0.0210000000000008
0.0210000000000008
0.0219999999999985
0.0210000000000008
0.170999999999999
0.0210000000000008
0.363
0.0420000000000016
0.277999999999999
0.0210000000000008
0.0209999999999937
0.107000000000006
0.0209999999999937
0.0220000000000056
0.149000000000001
0.0209999999999937
0.0220000000000056
0.0210000000000008
0.128
0.148999999999994
0.0640000000000001
0.0220000000000056
0.128
0.169999999999995
0.0220000000000056
0.0209999999999937
0.0210000000000008
0.0640000000000001
0.0220000000000056
0.0209999999999937
0.0210000000000008
0.192
0.0429999999999993
0.0210000000000008
0.0220000000000056
0.0209999999999937
0.0210000000000008
0.0219999999999985
0.0850000000000009
0.106999999999999
0.0210000000000008
0.0210000000000008
0.298999999999999
0.0429999999999993
0.149000000000001
0.0210000000000008
0.170999999999999
0.170999999999999
0.106000000000002
0.0219999999999985
0.0210000000000008
0.0429999999999993
0.0210000000000008
0.0210000000000008
0.0219999999999985
0.0210000000000008
0.0210000000000008
0.0219999999999985
0.106000000000002
0.0219999999999985
0.0210000000000008
0.0210000000000008
0.0219999999999985
0.0210000000000008
0.0210000000000008
0.0219999999999985
0.0210000000000008
0.0210000000000008
0.0219999999999985
0.0210000000000008
0.170999999999999
0.170000000000002
0.0219999999999985
0.170000000000002
0.0219999999999985
0.0210000000000008
0.0429999999999993
0.0210000000000008
0.0210000000000008
0.0219999999999985
0.0210000000000008
0.170999999999999
0.0210000000000008
0.0210000000000008
0.0219999999999985
0.0210000000000008
0.0210000000000008
0.0219999999999985
0.0210000000000008
0.0210000000000008
0.0219999999999985
0.0210000000000008
0.192
0.0210000000000008
0.0219999999999985
0.0210000000000008
0.0210000000000008
0.0219999999999985
0.0210000000000008
0.0210000000000008
0.491
0.0210000000000008
0.0219999999999985
0.0210000000000008
0.0210000000000008
0.0219999999999985
0.0210000000000008
0.0640000000000001
0.0210000000000008
0.213999999999999
0.0420000000000016
0.0219999999999985
0.0640000000000001
0.0210000000000008
0.149000000000001
0.0219999999999985
0.0210000000000008
0.0210000000000008
0.0219999999999985
0.0210000000000008
0.0210000000000008
0.0429999999999993
0.0210000000000008
0.0219999999999985
0.512
0.0420000000000016
0.0219999999999985
0.0210000000000008
0.0210000000000008
0.0429999999999993
0.0210000000000008
0.0219999999999985
0.149000000000001
0.0210000000000008
0.0219999999999985
0.0420000000000016
0.0219999999999985
0.0640000000000001
0.0210000000000008
0.192
0.0210000000000008
0.0219999999999985
0.0210000000000008
0.0640000000000001
0.0210000000000008
0.170999999999999
0.0210000000000008
0.0219999999999985
0.0419999999999945
0.0220000000000056
0.0640000000000001
0.0210000000000008
0.148999999999994
0.0430000000000064
0.0209999999999937
0.107000000000006
0.0209999999999937
0.214000000000006
0.0419999999999945
0.0430000000000064
0.0209999999999937
0.0430000000000064
0.170999999999999
0.0209999999999937
0.0210000000000008
0.0220000000000056
0.0209999999999937
0.0210000000000008
0.0429999999999993
0.0430000000000064
0.128
0.0209999999999937
0.149000000000001
0.214000000000006
0.0209999999999937
0.0210000000000008
0.0219999999999985
0.0210000000000008
0.0210000000000008
0.0219999999999985
0.0210000000000008
0.0210000000000008
0.0219999999999985
0.149000000000001
0.0210000000000008
0.0219999999999985
0.0210000000000008
0.0210000000000008
0.0429999999999993
0.0210000000000008
0.0429999999999993
0.149000000000001
0.0219999999999985
0.0210000000000008
0.0210000000000008
0.0429999999999993
0.0210000000000008
0.0429999999999993
0.0210000000000008
0.0219999999999985
0.512
0.0210000000000008
0.0210000000000008
0.0429999999999993
0.0210000000000008
0.0429999999999993
0.0210000000000008
0.0219999999999985
0.192
0.0210000000000008
0.0429999999999993
0.0420000000000016
0.0219999999999985
0.0210000000000008
0.0210000000000008
0.149999999999999
0.0210000000000008
0.0640000000000001
0.0429999999999993
0.0420000000000016
0.0219999999999985
0.149000000000001
0.0210000000000008
0.0219999999999985
0.0210000000000008
0.0210000000000008
0.0429999999999993
0.0210000000000008
0.0429999999999993
0.149000000000001
0.0219999999999985
0.0210000000000008
0.0210000000000008
0.128
0.0219999999999985
0.149000000000001
0.0210000000000008
0.0219999999999985
0.0210000000000008
0.0429999999999993
0.0210000000000008
0.0210000000000008
0.0219999999999985
0.0210000000000008
0.0210000000000008
0.128
0.0219999999999985
0.0210000000000008
0.0210000000000008
0.0219999999999985
0.0210000000000008
0.0210000000000008
0.0219999999999985
0.0210000000000008
0.0210000000000008
0.0219999999999985
0.128
0.234000000000002
0.128
0.0219999999999985
0.106000000000002
0.128
0.106999999999999
0.0429999999999993
0.0210000000000008
0.106999999999999
0.0420000000000016
0.0429999999999993
0.0210000000000008
0.106999999999999
0.128
0.341000000000001
0.298999999999999
0.106999999999999
0.170000000000002
0.0219999999999985
0.32
0.489999999999995
0.0220000000000056
0.0419999999999945
0.0220000000000056
0.0210000000000008
0.0429999999999993
0.0640000000000001
0.404999999999994
0.0210000000000008
0.448
0.0429999999999993
0.0210000000000008
0.0220000000000056
0.0419999999999945
0.0219999999999985
0.0210000000000008
0.0210000000000008
0.0219999999999985
0.0210000000000008
0.0210000000000008
0.0219999999999985
0.0210000000000008
0.0210000000000008
0.0219999999999985
0.0210000000000008
0.0210000000000008
0.0219999999999985
0.0210000000000008
0.0210000000000008
0.0219999999999985
0.0210000000000008
0.0210000000000008
0.0219999999999985
0.0210000000000008
0.0210000000000008
0.0219999999999985
0.0210000000000008
0.0210000000000008
0.0219999999999985
0.0210000000000008
0.0210000000000008
0.0219999999999985
0.0210000000000008
0.0210000000000008
0.0219999999999985
0.106000000000002
0.0219999999999985
0.0210000000000008
0.0210000000000008
0.106999999999999
0.0210000000000008
0.0219999999999985
0.0210000000000008
0.0210000000000008
0.0219999999999985
0.0210000000000008
0.0210000000000008
0.0219999999999985
0.0210000000000008
0.0210000000000008
0.0219999999999985
0.0210000000000008
0.0210000000000008
0.0219999999999985
0.0210000000000008
0.0210000000000008
0.0219999999999985
0.0210000000000008
0.256
0.0210000000000008
0.0219999999999985
0.0210000000000008
0.0210000000000008
0.0219999999999985
0.0420000000000016
0.0219999999999985
0.0210000000000008
0.0210000000000008
0.0219999999999985
0.0210000000000008
0.0210000000000008
0.0219999999999985
0.0210000000000008
0.277000000000001
0.0429999999999993
0.149000000000001
0.0640000000000001
0.0429999999999993
0.0640000000000001
0.0640000000000001
0.704000000000001
0.106999999999999
0.0640000000000001
0.149000000000001
0.0210000000000008
0.0640000000000001
0.0429999999999993
0.0210000000000008
0.0219999999999985
0.0210000000000008
0.0210000000000008
0.0219999999999985
0.0420000000000016
0.0429999999999993
0.0429999999999993
0.0420000000000016
0.0429999999999993
0.0429999999999993
0.0420000000000016
0.0219999999999985
0.0850000000000009
0.0429999999999993
0.0420000000000016
0.0640000000000001
0.619
0.128
0.0210000000000008
0.0219999999999985
0.0210000000000008
0.0210000000000008
0.0219999999999985
0.0210000000000008
0.0210000000000008
0.0219999999999985
0.0210000000000008
0.0210000000000008
0.0219999999999985
0.0210000000000008
0.0210000000000008
0.0219999999999985
0.0210000000000008
0.0210000000000008
0.0219999999999985
0.0210000000000008
0.0210000000000008
0.0219999999999985
0.0420000000000016
0.0219999999999985
0.0210000000000008
0.0210000000000008
0.0219999999999985
0.0210000000000008
0.0210000000000008
0.0219999999999985
0.0210000000000008
0.0210000000000008
0.0219999999999985
0.149000000000001
0.0429999999999993
0.0210000000000008
0.0210000000000008
0.0219999999999985
0.0210000000000008
0.0210000000000008
0.0219999999999985
0.0210000000000008
0.0210000000000008
0.0219999999999985
0.0210000000000008
0.0209999999999937
0.0220000000000056
0.0210000000000008
0.340999999999994
0.256
0.0430000000000064
0.532999999999994
0.0220000000000056
0.0209999999999937
0.0210000000000008
0.0220000000000056
0.0209999999999937
0.0210000000000008
0.0220000000000056
0.0209999999999937
0.0210000000000008
0.0220000000000056
0.105999999999995
0.0220000000000056
0.0209999999999937
0.0210000000000008
0.0220000000000056
0.0209999999999937
0.0430000000000064
0.0209999999999937
0.0429999999999993
0.149000000000001
0.0640000000000001
0.0210000000000008
0.0429999999999993
0.0640000000000001
0.0210000000000008
0.0859999999999985
0.0210000000000008
0.0210000000000008
0.0219999999999985
0.0420000000000016
0.0219999999999985
0.0210000000000008
0.0210000000000008
0.0219999999999985
0.0210000000000008
0.0210000000000008
0.0219999999999985
0.192
0.0210000000000008
0.0429999999999993
0.0210000000000008
0.0210000000000008
0.0219999999999985
0.0210000000000008
0.106999999999999
0.0210000000000008
0.0210000000000008
0.0429999999999993
0.0429999999999993
0.0210000000000008
0.0640000000000001
0.0210000000000008
0.0429999999999993
0.128
0.0210000000000008
0.0859999999999985
0.0640000000000001
0.0210000000000008
0.0210000000000008
0.106999999999999
0.0429999999999993
0.0210000000000008
0.0429999999999993
0.0210000000000008
0.0850000000000009
0.0219999999999985
0.170000000000002
0.0859999999999985
0.0210000000000008
0.0640000000000001
0.0429999999999993
0.0210000000000008
0.0640000000000001
0.0429999999999993
0.0210000000000008
0.0429999999999993
0.0210000000000008
0.0210000000000008
0.0219999999999985
0.0210000000000008
0.0210000000000008
0.0219999999999985
0.0210000000000008
0.149000000000001
0.0219999999999985
0.0210000000000008
0.0429999999999993
0.0210000000000008
0.0210000000000008
0.0219999999999985
0.0210000000000008
0.0210000000000008
0.0859999999999985
0.0210000000000008
0.0210000000000008
0.0219999999999985
0.0420000000000016
0.0219999999999985
0.0210000000000008
0.0210000000000008
0.0219999999999985
0.0420000000000016
0.0429999999999993
0.170999999999999
0.0210000000000008
0.0429999999999993
0.0210000000000008
0.0640000000000001
0.0429999999999993
0.0640000000000001
0.0210000000000008
0.0210000000000008
0.0219999999999985
0.0210000000000008
0.0429999999999993
0.0210000000000008
0.0210000000000008
0.0219999999999985
0.0210000000000008
0.0640000000000001
0.0429999999999993
0.106000000000002
0.0219999999999985
0.0640000000000001
0.0210000000000008
0.0210000000000008
0.0429999999999993
0.0210000000000008
0.128
0.0219999999999985
0.0210000000000008
0.0429999999999993
0.0210000000000008
0.0210000000000008
0.0219999999999985
0.0210000000000008
0.0210000000000008
0.0429999999999922
0.149000000000001
0.0220000000000056
0.128010000000003
0.0209899999999976
0.021010000000004
0.0219899999999882
0.106000000000009
0.0219999999999914
0.0210000000000008
0.0430000000000064
0.021010000000004
0.0429999999999922
0.0209899999999976
0.213000000000008
0.0219999999999914
0.0640100000000103
0.0849899999999906
0.0210000000000008
0.0859999999999985
0.0420000000000016
0.0430100000000095
0.0209899999999976
0.0220099999999945
0.0209899999999976
0.0640000000000072
0.0210000000000008
0.0219999999999914
0.0420000000000016
0.128
0.0220100000000087
0.0209899999999976
0.063999999999993
0.0640000000000072
0.0430099999999953
0.0209899999999976
0.106999999999999
0.0210000000000008
0.0430000000000064
0.0210000000000008
0.0210000000000008
0.0219999999999914
0.0420000000000016
0.171000000000006
0.0429999999999922
0.0640000000000072
0.0420000000000016
0.0220099999999945
0.0420000000000016
0.0219900000000024
0.0849999999999937
0.0210000000000008
0.0220000000000056
0.0210000000000008
0.0220099999999945
0.0209899999999976
0.021010000000004
0.0209899999999976
0.0430000000000064
0.0210099999999898
0.0219900000000024
0.17101000000001
0.0209899999999976
0.0210099999999898
0.0209900000000118
0.0220099999999945
0.063990000000004
0.063999999999993
0.0640100000000103
0.0209899999999976
0.0220099999999945
0.0629899999999992
0.0220100000000087
0.0209899999999976
0.0429999999999922
0.0640000000000072
0.0420000000000016
0.0429999999999922
0.0220100000000087
0.0629899999999992
0.0219999999999914
0.0420000000000016
0.0430000000000064
0.0640099999999961
0.0209899999999976
0.107010000000002
0.0209899999999976
0.0430000000000064
0.0210000000000008
0.063999999999993
0.0430099999999953
0.0430000000000064
0.148989999999998
0.0210000000000008
0.0220000000000056
0.0210000000000008
0.0640099999999961
0.0209899999999976
0.0220099999999945
0.0209900000000118
0.171009999999995
0.0209899999999976
0.021010000000004
0.063990000000004
0.0429999999999922
0.192000000000007
0.0210099999999898
0.0219900000000024
0.021010000000004
0.0209899999999976
0.0220000000000056
0.0210000000000008
0.0219999999999914
0.0210000000000008
0.170010000000005
0.0219900000000024
0.0210099999999898
0.0209899999999976
0.0430000000000064
0.0220000000000056
0.0420000000000016
0.0209999999999866
0.0220000000000056
0.170000000000002
0.0220000000000056
0.0210000000000008
0.148999999999987
0.0220100000000087
0.105989999999991
0.0220000000000056
0.0210000000000008
0.0210000000000008
0.128
0.0220099999999945
0.0209899999999976
0.128
0.0210000000000008
0.192000000000007
0.278000000000006
0.575999999999993
0.277000000000001
0.021010000000004
0.234999999999999
0.0209899999999976
0.191999999999993
0.0220100000000087
0.0209899999999976
0.021010000000004
0.0429999999999922
0.212990000000005
0.128
0.0219999999999914
0.149010000000004
0.0430000000000064
0.0420000000000016
0.0219899999999882
0.0210000000000008
0.0210000000000008
0.0220000000000056
0.0210000000000008
0.0210000000000008
0.107010000000002
0.0209899999999976
0.0220099999999945
0.0420000000000016
0.0219900000000024
0.0210000000000008
0.0210000000000008
0.0860100000000017
0.170000000000002
0.0219899999999882
0.0210000000000008
0.0430000000000064
0.0420000000000016
0.0220099999999945
0.0209899999999976
0.085000000000008
0.0219999999999914
0.0420000000000016
0.0220000000000056
0.063999999999993
0.0420000000000016
0.0430000000000064
0.0210099999999898
0.170990000000003
0.0220100000000087
0.0209899999999976
0.0640099999999961
0.0209899999999976
0.0640100000000103
0.0849899999999906
0.0220100000000087
0.0209899999999976
0.0220099999999945
0.0209899999999976
0.021010000000004
0.0209899999999976
0.0430000000000064
0.0210099999999898
0.0219900000000024
0.0420000000000016
0.0640000000000072
0.0650100000000009
0.0629899999999992
0.0640099999999961
0.0429900000000032
0.0849999999999937
0.0859999999999985
0.021010000000004
0.0209899999999976
0.0220100000000087
0.127989999999997
0.0210099999999898
0.170990000000003
0.0210000000000008
0.0430000000000064
0.0420000000000016
0.0219999999999914
0.149010000000004
0.0209899999999976
0.0220000000000056
0.0420000000000016
0.0429999999999922
0.0430000000000064
0.0420000000000016
0.0429999999999922
0.128
0.0210000000000008
0.0220099999999945
0.0209900000000118
0.0429999999999922
0.021010000000004
0.0209899999999976
0.0649999999999977
0.0210000000000008
0.085000000000008
0.0210000000000008
0.0220099999999945
0.0209899999999976
0.021010000000004
0.0219900000000024
0.0420000000000016
0.0649999999999977
0.0210000000000008
0.191999999999993
0.021010000000004
0.0209899999999976
0.0649999999999977
0.0210000000000008
0.0210000000000008
0.0849999999999937
0.0220100000000087
0.0420000000000016
0.0429999999999922
0.0429900000000032
0.0640000000000072
0.0210000000000008
0.0210099999999898
0.0859999999999985
0.127990000000011
0.0210000000000008
0.0209999999999866
0.0430000000000064
0.021010000000004
0.0429999999999922
0.10699000000001
0.0210000000000008
0.0429999999999922
0.128
0.021010000000004
0.0209899999999976
0.0220099999999945
0.127990000000011
0.0419999999999874
0.0220100000000087
0.0420000000000016
0.0219900000000024
0.0210099999999898
0.0209899999999976
0.0430000000000064
0.0849999999999937
0.0430100000000095
0.0429999999999922
0.0209899999999976
0.021010000000004
0.0430000000000064
0.0209899999999976
0.0220000000000056
0.0209999999999866
0.0210000000000008
0.150010000000009
0.0209899999999976
0.021010000000004
0.0219899999999882
0.021010000000004
0.0209899999999976
0.0220000000000056
0.0210000000000008
0.0210000000000008
0.0220099999999945
0.105990000000006
0.0220099999999945
0.0420000000000016
0.0219900000000024
0.0210000000000008
0.0210000000000008
0.0429999999999922
0.0430100000000095
0.0209899999999976
0.021010000000004
0.106989999999996
0.021010000000004
0.042989999999989
0.0430000000000064
0.0420000000000016
0.0220099999999945
0.0209899999999976
0.107010000000002
0.0419899999999984
0.0220000000000056
0.0210000000000008
0.0429999999999922
0.021010000000004
0.0430000000000064
0.0420000000000016
0.0219899999999882
0.021010000000004
0.0429900000000032
0.0420000000000016
0.0429999999999922
0.021010000000004
0.0430000000000064
0.0209899999999976
0.0429999999999922
0.021010000000004
0.0430000000000064
0.0209899999999976
0.171009999999995
0.0209899999999976
0.0430000000000064
0.021010000000004
0.042989999999989
0.0210000000000008
0.0220000000000056
0.149010000000004
0.0209899999999976
0.0220099999999945
0.0209899999999976
0.0430000000000064
0.0210000000000008
0.0429999999999922
0.0420000000000016
0.107010000000002
0.0209899999999976
0.0220100000000087
0.0209899999999976
0.021010000000004
0.0219899999999882
0.0420000000000016
0.0220000000000056
0.0849999999999937
0.128
0.0430000000000064
0.0210000000000008
0.0429999999999922
0.0420000000000016
0.0430000000000064
0.0210099999999898
0.0859900000000096
0.0210000000000008
0.0210000000000008
0.0429999999999922
0.0640100000000103
0.0209899999999976
0.0429999999999922
0.021010000000004
0.150000000000006
0.0429999999999922
0.0209899999999976
0.021010000000004
0.0209899999999976
0.0430000000000064
0.0210099999999898
0.0429900000000032
0.085000000000008
0.0220099999999945
0.0209899999999976
0.0430000000000064
0.0420000000000016
0.0220099999999945
0.0209899999999976
0.0430000000000064
0.0210000000000008
0.0210000000000008
0.063999999999993
0.0430000000000064
0.0640099999999961
0.0209899999999976
0.0430000000000064
0.0429999999999922
0.0420000000000016
0.0220000000000056
0.0420000000000016
0.128
0.0219999999999914
0.170000000000002
0.128
0.0220000000000056
0.0420000000000016
0.0220099999999945
0.063990000000004
0.0210099999999898
0.0430000000000064
0.0849900000000048
0.0210000000000008
0.0219999999999914
0.0420000000000016
0.0430000000000064
0.0429999999999922
0.021010000000004
0.0209899999999976
0.0220099999999945
0.0209900000000118
0.128009999999989
0.0430000000000064
0.0420000000000016
0.0219900000000024
0.0210099999999898
0.0209900000000118
0.0220099999999945
0.0209899999999976
0.0220000000000056
0.0210000000000008
0.0850099999999969
0.0209899999999976
0.0220099999999945
0.0420000000000016
0.0219900000000024
0.021010000000004
0.0209899999999976
0.0649999999999977
0.021010000000004
0.0209899999999976
0.192009999999996
0.0209899999999976
0.0650000000000119
0.0630099999999914
0.149990000000003
0.0210000000000008
0.0210000000000008
0.063999999999993
0.0220100000000087
0.0420000000000016
0.0219900000000024
0.169999999999987
0.0220000000000056
0.0420000000000016
0.0220099999999945
0.0209899999999976
0.021010000000004
0.0219900000000024
0.213009999999997
0.0430000000000064
0.0209899999999976
0.021010000000004
0.0219900000000024
0.0210099999999898
0.234999999999999
0.0209899999999976
0.0640100000000103
0.0209899999999976
0.0220000000000056
0.0209999999999866
0.0640000000000072
0.021010000000004
0.0429999999999922
0.0430000000000064
0.0209899999999976
0.0429999999999922
0.021010000000004
0.0209899999999976
0.0220000000000056
0.0420000000000016
0.170999999999992
0.021010000000004
0.063990000000004
0.0860100000000017
0.0209899999999976
0.128
0.021010000000004
0.0219899999999882
0.0420000000000016
0.0430100000000095
0.0429999999999922
0.0209899999999976
0.512
0.021010000000004
0.0219900000000024
0.106009999999998
0.0219900000000024
0.021010000000004
0.170989999999989
0.170000000000002
0.0220000000000056
0.149010000000004
0.148989999999998
0.0219999999999914
0.021010000000004
0.0209899999999976
0.128
0.0430000000000064
0.0850099999999969
0.0430000000000064
0.0209899999999976
0.0859999999999985
0.021010000000004
0.0209899999999976
0.0429999999999922
0.0640000000000072
0.0640099999999961
0.0430000000000064
0.127989999999997
0.0420000000000016
0.0220099999999945
0.0209899999999976
0.0640100000000103
0.0209899999999976
0.0640099999999961
0.106999999999999
0.0209899999999976
0.0220100000000087
0.0429999999999922
0.0420000000000016
0.0209899999999976
0.0220100000000087
0.0419999999999874
0.0219900000000024
0.192000000000007
0.0640099999999961
0.0209899999999976
0.0640000000000072
0.170999999999992
0.021010000000004
0.0209899999999976
0.0640000000000072
0.0220099999999945
0.0209899999999976
0.021010000000004
0.149990000000003
0.0210099999999898
0.0209900000000118
0.063999999999993
0.0430000000000064
0.0210099999999898
0.0219900000000024
0.192000000000007
0.0420000000000016
0.0220099999999945
0.0420000000000016
0.0219900000000024
0.0210099999999898
0.0209900000000118
0.171009999999995
0.106989999999996
0.021010000000004
0.063990000000004
0.0849999999999937
0.0220000000000056
0.0210099999999898
0.0209900000000118
0.0220099999999945
0.0209899999999976
0.0430000000000064
0.0210099999999898
0.0209900000000118
0.0220099999999945
0.0209899999999976
0.149000000000001
0.0859999999999985
0.021010000000004
0.0429900000000032
0.0429999999999922
0.021010000000004
0.0209899999999976
0.0640099999999961
0.0209899999999976
0.0430000000000064
0.021010000000004
0.0219900000000024
0.0419999999999874
0.107000000000014
0.128
0.0429999999999922
0.149000000000001
0.021010000000004
0.149990000000003
0.0419999999999874
0.0220000000000056
0.021010000000004
0.0209899999999976
0.0220099999999945
0.0209899999999976
0.021010000000004
0.0219900000000024
0.170010000000005
0.170999999999992
0.192000000000007
0.148989999999998
0.0220000000000056
0.234009999999998
0.0429999999999922
0.0640000000000072
0.0209899999999976
0.0640099999999961
0.0219900000000024
0.0420000000000016
0.0429999999999922
0.0430000000000064
0.0210000000000008
0.0210000000000008
0.0219999999999914
0.0640100000000103
0.170000000000002
0.106999999999999
0.0639899999999898
0.107010000000002
0.0419899999999984
0.0430000000000064
0.0429999999999922
0.021010000000004
0.234999999999999
0.0420000000000016
0.0219900000000024
0.021010000000004
0.0209899999999976
0.0220099999999945
0.063990000000004
0.021010000000004
0.170989999999989
0.085000000000008
0.021010000000004
0.191999999999993
0.0859999999999985
0.0209899999999976
0.021010000000004
0.0219900000000024
0.0210000000000008
0.021010000000004
0.213999999999999
0.0209899999999976
0.021010000000004
0.0219999999999914
0.0209899999999976
0.0430000000000064
0.021010000000004
0.128
0.042989999999989
0.0210000000000008
0.0210000000000008
0.0220100000000087
0.0209899999999976
0.0210099999999898
0.0430000000000064
0.0209899999999976
0.0220100000000087
0.0849999999999937
0.0429900000000032
0.021010000000004
0.0209899999999976
0.0429999999999922
0.107010000000002
0.234999999999999
0.0420000000000016
0.063990000000004
0.0429999999999922
0.0850099999999969
0.0209900000000118
0.0220099999999945
0.0209899999999976
0.0220100000000087
0.0629899999999992
0.0220099999999945
0.0640000000000072
0.128
0.191999999999993
0.148989999999998
0.0430000000000064
0.170009999999991
0.0219900000000024
0.170000000000002
0.150000000000006
0.340999999999994
0.0210000000000008
0.192000000000007
0.0219999999999914
0.0210000000000008
0.0640000000000072
0.0210000000000008
0.0219999999999914
0.128
0.0210000000000008
0.0210000000000008
0.0430000000000064
0.0210000000000008
0.063999999999993
0.0430000000000064
0.0219999999999914
0.170000000000002
0.0640000000000072
0.0429999999999922
0.0430000000000064
0.0210000000000008
0.0210000000000008
0.106999999999999
0.0210000000000008
0.0429999999999922
0.0210000000000008
0.0640000000000072
0.063999999999993
0.149000000000001
0.0220000000000056
0.0210000000000008
0.0209999999999866
0.0220000000000056
0.0210000000000008
0.0430000000000064
0.0209999999999866
0.192000000000007
0.063999999999993
0.0640000000000072
0.0210000000000008
0.575999999999993
0.106999999999999
0.0210000000000008
0.0220000000000056
0.0210000000000008
0.0429999999999922
0.0420000000000016
0.0859999999999985
0.085000000000008
0.063999999999993
0.0430000000000064
0.063999999999993
0.0420000000000016
0.0220000000000056
0.0210000000000008
0.0210000000000008
0.0429999999999922
0.0210000000000008
0.0220000000000056
0.0420000000000016
0.0859999999999985
0.0210000000000008
0.0849999999999937
0.150000000000006
0.0420000000000016
0.106999999999999
0.063999999999993
0.149000000000001
0.0220000000000056
1.557
0.0210000000000008
0.128
0.0219999999999914
0.0210000000000008
0.0430000000000064
0.063999999999993
0.0640000000000072
0.0210000000000008
0.0219999999999914
0.0210000000000008
0.0210000000000008
0.0430000000000064
0.0210000000000008
0.0210000000000008
0.0429999999999922
0.0210000000000008
0.0220000000000056
0.0210000000000008
0.0429999999999922
0.0210000000000008
0.0640000000000072
0.0210000000000008
0.0429999999999922
0.085000000000008
0.0429999999999922
0.0210000000000008
0.0220000000000056
0.0210000000000008
0.0219999999999914
0.0630000000000024
0.106999999999999
0.085000000000008
0.0219999999999914
